  Number of relativistic eigenvalues
  60
  Lev     J  Parity       E
   1     6.0   -      -2.013995830
   2     6.0   -      -2.010311021
   3     6.0   -      -2.007919438
   1     5.0   -      -2.013995835
   2     5.0   -      -2.013995822
   3     5.0   -      -2.010311024
   4     5.0   -      -2.010311016
   5     5.0   -      -2.007919440
   6     5.0   -      -2.007919434
   1     4.0   -      -2.031357008
   2     4.0   -      -2.020106989
   3     4.0   -      -2.013995864
   4     4.0   -      -2.013995826
   5     4.0   -      -2.010311044
   6     4.0   -      -2.010311018
   7     4.0   -      -2.007919436
   8     4.0   -      -2.007919436
   1     3.0   -      -2.031357041
   2     3.0   -      -2.031356934
   3     3.0   -      -2.020107003
   4     3.0   -      -2.020106946
   5     3.0   -      -2.013995868
   6     3.0   -      -2.013995824
   7     3.0   -      -2.010311046
   8     3.0   -      -2.010311016
   9     3.0   -      -2.007919437
  10     3.0   -      -2.007919416
   1     2.0   -      -2.131227905
   2     2.0   -      -2.057609689
   3     2.0   -      -2.032188981
   4     2.0   -      -2.031356969
   5     2.0   -      -2.020533587
   6     2.0   -      -2.020106969
   7     2.0   -      -2.014242172
   8     2.0   -      -2.013995853
   9     2.0   -      -2.010465443
  10     2.0   -      -2.010311037
  11     2.0   -      -2.008021939
  12     2.0   -      -2.007919431
   1     1.0   -      -2.131227494
   2     1.0   -      -2.121344348
   3     1.0   -      -2.057609585
   4     1.0   -      -2.054296890
   5     1.0   -      -2.032188945
   6     1.0   -      -2.030708335
   7     1.0   -      -2.020533572
   8     1.0   -      -2.019741706
   9     1.0   -      -2.014242166
  10     1.0   -      -2.013764134
  11     1.0   -      -2.010465440
  12     1.0   -      -2.010148502
  13     1.0   -      -2.008021938
  14     1.0   -      -2.007788145
   1     0.0   -      -2.131223196
   2     0.0   -      -2.057608436
   3     0.0   -      -2.032188490
   4     0.0   -      -2.020533350
   5     0.0   -      -2.014242042
   6     0.0   -      -2.010465366
   7     0.0   -      -2.008021892
  Zeeman interaction matrix  
  0.37816E+01 -0.10564E-05 -0.62715E-06 -0.32838E+00  0.31849E+00  0.36868E-06  0.48784E-06  0.21888E-06  0.22632E-06  0.00000E+00  0.00000E+00  0.00000E+00  0.00000E+00  0.00000E+00  0.00000E+00  0.00000E+00  0.00000E+00  0.00000E+00  0.00000E+00  0.00000E+00  0.00000E+00  0.00000E+00  0.00000E+00  0.00000E+00  0.00000E+00  0.00000E+00  0.00000E+00  0.00000E+00  0.00000E+00  0.00000E+00  0.00000E+00  0.00000E+00  0.00000E+00  0.00000E+00  0.00000E+00  0.00000E+00  0.00000E+00  0.00000E+00  0.00000E+00  0.00000E+00  0.00000E+00  0.00000E+00  0.00000E+00  0.00000E+00  0.00000E+00  0.00000E+00  0.00000E+00  0.00000E+00  0.00000E+00  0.00000E+00  0.00000E+00  0.00000E+00  0.00000E+00  0.00000E+00  0.00000E+00  0.00000E+00  0.00000E+00  0.00000E+00  0.00000E+00  0.00000E+00
 -0.10564E-05  0.37816E+01 -0.94817E-06 -0.13909E-06 -0.25392E-06 -0.32838E+00  0.31849E+00  0.44102E-06  0.54499E-06  0.00000E+00  0.00000E+00  0.00000E+00  0.00000E+00  0.00000E+00  0.00000E+00  0.00000E+00  0.00000E+00  0.00000E+00  0.00000E+00  0.00000E+00  0.00000E+00  0.00000E+00  0.00000E+00  0.00000E+00  0.00000E+00  0.00000E+00  0.00000E+00  0.00000E+00  0.00000E+00  0.00000E+00  0.00000E+00  0.00000E+00  0.00000E+00  0.00000E+00  0.00000E+00  0.00000E+00  0.00000E+00  0.00000E+00  0.00000E+00  0.00000E+00  0.00000E+00  0.00000E+00  0.00000E+00  0.00000E+00  0.00000E+00  0.00000E+00  0.00000E+00  0.00000E+00  0.00000E+00  0.00000E+00  0.00000E+00  0.00000E+00  0.00000E+00  0.00000E+00  0.00000E+00  0.00000E+00  0.00000E+00  0.00000E+00  0.00000E+00  0.00000E+00
 -0.62715E-06 -0.94817E-06  0.37816E+01 -0.23207E-07 -0.89253E-07 -0.23811E-06 -0.33494E-06 -0.32838E+00  0.31850E+00  0.00000E+00  0.00000E+00  0.00000E+00  0.00000E+00  0.00000E+00  0.00000E+00  0.00000E+00  0.00000E+00  0.00000E+00  0.00000E+00  0.00000E+00  0.00000E+00  0.00000E+00  0.00000E+00  0.00000E+00  0.00000E+00  0.00000E+00  0.00000E+00  0.00000E+00  0.00000E+00  0.00000E+00  0.00000E+00  0.00000E+00  0.00000E+00  0.00000E+00  0.00000E+00  0.00000E+00  0.00000E+00  0.00000E+00  0.00000E+00  0.00000E+00  0.00000E+00  0.00000E+00  0.00000E+00  0.00000E+00  0.00000E+00  0.00000E+00  0.00000E+00  0.00000E+00  0.00000E+00  0.00000E+00  0.00000E+00  0.00000E+00  0.00000E+00  0.00000E+00  0.00000E+00  0.00000E+00  0.00000E+00  0.00000E+00  0.00000E+00  0.00000E+00
  0.35699E+00  0.15121E-06  0.25229E-07  0.27857E+01 -0.45726E-01 -0.72666E-06 -0.83565E-07 -0.34353E-06 -0.35173E-07  0.26926E-06 -0.18190E-06 -0.61823E-07  0.35639E+00 -0.39478E-07  0.60258E-06  0.26376E-06  0.51728E-08  0.00000E+00  0.00000E+00  0.00000E+00  0.00000E+00  0.00000E+00  0.00000E+00  0.00000E+00  0.00000E+00  0.00000E+00  0.00000E+00  0.00000E+00  0.00000E+00  0.00000E+00  0.00000E+00  0.00000E+00  0.00000E+00  0.00000E+00  0.00000E+00  0.00000E+00  0.00000E+00  0.00000E+00  0.00000E+00  0.00000E+00  0.00000E+00  0.00000E+00  0.00000E+00  0.00000E+00  0.00000E+00  0.00000E+00  0.00000E+00  0.00000E+00  0.00000E+00  0.00000E+00  0.00000E+00  0.00000E+00  0.00000E+00  0.00000E+00  0.00000E+00  0.00000E+00  0.00000E+00  0.00000E+00  0.00000E+00  0.00000E+00
 -0.34624E+00  0.27604E-06  0.97029E-07 -0.45726E-01  0.27830E+01  0.93640E-07 -0.10557E-05  0.43831E-07 -0.62693E-06  0.25670E-07 -0.17004E-07  0.28097E-07 -0.34575E+00  0.17274E-08  0.29168E-06  0.18419E-06  0.14175E-07  0.00000E+00  0.00000E+00  0.00000E+00  0.00000E+00  0.00000E+00  0.00000E+00  0.00000E+00  0.00000E+00  0.00000E+00  0.00000E+00  0.00000E+00  0.00000E+00  0.00000E+00  0.00000E+00  0.00000E+00  0.00000E+00  0.00000E+00  0.00000E+00  0.00000E+00  0.00000E+00  0.00000E+00  0.00000E+00  0.00000E+00  0.00000E+00  0.00000E+00  0.00000E+00  0.00000E+00  0.00000E+00  0.00000E+00  0.00000E+00  0.00000E+00  0.00000E+00  0.00000E+00  0.00000E+00  0.00000E+00  0.00000E+00  0.00000E+00  0.00000E+00  0.00000E+00  0.00000E+00  0.00000E+00  0.00000E+00  0.00000E+00
 -0.40079E-06  0.35699E+00  0.25885E-06 -0.72666E-06  0.93640E-07  0.27857E+01 -0.45726E-01 -0.65688E-06 -0.10599E-06  0.17388E-06  0.68996E-08  0.15532E-06 -0.39806E-06  0.96363E-05  0.35639E+00  0.69988E-06 -0.13127E-06  0.00000E+00  0.00000E+00  0.00000E+00  0.00000E+00  0.00000E+00  0.00000E+00  0.00000E+00  0.00000E+00  0.00000E+00  0.00000E+00  0.00000E+00  0.00000E+00  0.00000E+00  0.00000E+00  0.00000E+00  0.00000E+00  0.00000E+00  0.00000E+00  0.00000E+00  0.00000E+00  0.00000E+00  0.00000E+00  0.00000E+00  0.00000E+00  0.00000E+00  0.00000E+00  0.00000E+00  0.00000E+00  0.00000E+00  0.00000E+00  0.00000E+00  0.00000E+00  0.00000E+00  0.00000E+00  0.00000E+00  0.00000E+00  0.00000E+00  0.00000E+00  0.00000E+00  0.00000E+00  0.00000E+00  0.00000E+00  0.00000E+00
 -0.53034E-06 -0.34623E+00  0.36411E-06 -0.83565E-07 -0.10557E-05 -0.45726E-01  0.27830E+01  0.11488E-06 -0.94759E-06  0.21836E-07  0.19525E-08  0.12035E-07 -0.77419E-07 -0.94579E-05 -0.34575E+00  0.34997E-06  0.31477E-07  0.00000E+00  0.00000E+00  0.00000E+00  0.00000E+00  0.00000E+00  0.00000E+00  0.00000E+00  0.00000E+00  0.00000E+00  0.00000E+00  0.00000E+00  0.00000E+00  0.00000E+00  0.00000E+00  0.00000E+00  0.00000E+00  0.00000E+00  0.00000E+00  0.00000E+00  0.00000E+00  0.00000E+00  0.00000E+00  0.00000E+00  0.00000E+00  0.00000E+00  0.00000E+00  0.00000E+00  0.00000E+00  0.00000E+00  0.00000E+00  0.00000E+00  0.00000E+00  0.00000E+00  0.00000E+00  0.00000E+00  0.00000E+00  0.00000E+00  0.00000E+00  0.00000E+00  0.00000E+00  0.00000E+00  0.00000E+00  0.00000E+00
 -0.23795E-06 -0.47943E-06  0.35698E+00 -0.34353E-06  0.43831E-07 -0.65688E-06  0.11488E-06  0.27857E+01 -0.45726E-01  0.47673E-06  0.69752E-07  0.96987E-07 -0.16409E-06  0.18372E-06 -0.50382E-06  0.35545E+00  0.25775E-01  0.00000E+00  0.00000E+00  0.00000E+00  0.00000E+00  0.00000E+00  0.00000E+00  0.00000E+00  0.00000E+00  0.00000E+00  0.00000E+00  0.00000E+00  0.00000E+00  0.00000E+00  0.00000E+00  0.00000E+00  0.00000E+00  0.00000E+00  0.00000E+00  0.00000E+00  0.00000E+00  0.00000E+00  0.00000E+00  0.00000E+00  0.00000E+00  0.00000E+00  0.00000E+00  0.00000E+00  0.00000E+00  0.00000E+00  0.00000E+00  0.00000E+00  0.00000E+00  0.00000E+00  0.00000E+00  0.00000E+00  0.00000E+00  0.00000E+00  0.00000E+00  0.00000E+00  0.00000E+00  0.00000E+00  0.00000E+00  0.00000E+00
 -0.24604E-06 -0.59246E-06 -0.34624E+00 -0.35173E-07 -0.62693E-06 -0.10599E-06 -0.94759E-06 -0.45726E-01  0.27830E+01  0.72462E-08  0.42852E-08  0.12123E-08  0.20242E-08  0.63827E-08 -0.16218E-06 -0.34485E+00 -0.25007E-01  0.00000E+00  0.00000E+00  0.00000E+00  0.00000E+00  0.00000E+00  0.00000E+00  0.00000E+00  0.00000E+00  0.00000E+00  0.00000E+00  0.00000E+00  0.00000E+00  0.00000E+00  0.00000E+00  0.00000E+00  0.00000E+00  0.00000E+00  0.00000E+00  0.00000E+00  0.00000E+00  0.00000E+00  0.00000E+00  0.00000E+00  0.00000E+00  0.00000E+00  0.00000E+00  0.00000E+00  0.00000E+00  0.00000E+00  0.00000E+00  0.00000E+00  0.00000E+00  0.00000E+00  0.00000E+00  0.00000E+00  0.00000E+00  0.00000E+00  0.00000E+00  0.00000E+00  0.00000E+00  0.00000E+00  0.00000E+00  0.00000E+00
  0.00000E+00  0.00000E+00  0.00000E+00 -0.29768E-06 -0.28379E-07 -0.19224E-06 -0.24141E-07 -0.52705E-06 -0.80110E-08  0.27963E+01 -0.17768E-05  0.10119E-05  0.15276E-06  0.86494E-06  0.11539E-06  0.15592E-06 -0.94267E-07 -0.37359E+00  0.22085E+00  0.50722E-06  0.14745E-05  0.21740E-06 -0.72686E-06  0.16061E-05 -0.10732E-05 -0.43726E-05  0.15511E-05  0.00000E+00  0.00000E+00  0.00000E+00  0.00000E+00  0.00000E+00  0.00000E+00  0.00000E+00  0.00000E+00  0.00000E+00  0.00000E+00  0.00000E+00  0.00000E+00  0.00000E+00  0.00000E+00  0.00000E+00  0.00000E+00  0.00000E+00  0.00000E+00  0.00000E+00  0.00000E+00  0.00000E+00  0.00000E+00  0.00000E+00  0.00000E+00  0.00000E+00  0.00000E+00  0.00000E+00  0.00000E+00  0.00000E+00  0.00000E+00  0.00000E+00  0.00000E+00  0.00000E+00
  0.00000E+00  0.00000E+00  0.00000E+00  0.20110E-06  0.18799E-07 -0.76278E-08 -0.21586E-08 -0.77114E-07 -0.47374E-08 -0.17768E-05  0.27963E+01  0.13929E-05 -0.10213E-06  0.93484E-06  0.80167E-08 -0.22657E-07  0.75543E-06 -0.26085E-06 -0.72737E-06 -0.39526E+00  0.17921E+00  0.43934E-06 -0.15701E-05  0.25220E-06 -0.82724E-06  0.20628E-06 -0.58189E-06  0.00000E+00  0.00000E+00  0.00000E+00  0.00000E+00  0.00000E+00  0.00000E+00  0.00000E+00  0.00000E+00  0.00000E+00  0.00000E+00  0.00000E+00  0.00000E+00  0.00000E+00  0.00000E+00  0.00000E+00  0.00000E+00  0.00000E+00  0.00000E+00  0.00000E+00  0.00000E+00  0.00000E+00  0.00000E+00  0.00000E+00  0.00000E+00  0.00000E+00  0.00000E+00  0.00000E+00  0.00000E+00  0.00000E+00  0.00000E+00  0.00000E+00  0.00000E+00  0.00000E+00
  0.00000E+00  0.00000E+00  0.00000E+00  0.68348E-07 -0.31062E-07 -0.17171E-06 -0.13305E-07 -0.10722E-06 -0.13402E-08  0.10119E-05  0.13929E-05  0.27963E+01  0.73297E-07 -0.10118E-05  0.79307E-07  0.96816E-07 -0.92841E-06  0.92919E-07  0.29215E-06  0.27656E-06  0.98213E-06  0.40398E+00  0.15857E+00 -0.38723E-06  0.15600E-05 -0.36573E-06  0.91449E-06  0.00000E+00  0.00000E+00  0.00000E+00  0.00000E+00  0.00000E+00  0.00000E+00  0.00000E+00  0.00000E+00  0.00000E+00  0.00000E+00  0.00000E+00  0.00000E+00  0.00000E+00  0.00000E+00  0.00000E+00  0.00000E+00  0.00000E+00  0.00000E+00  0.00000E+00  0.00000E+00  0.00000E+00  0.00000E+00  0.00000E+00  0.00000E+00  0.00000E+00  0.00000E+00  0.00000E+00  0.00000E+00  0.00000E+00  0.00000E+00  0.00000E+00  0.00000E+00  0.00000E+00
  0.00000E+00  0.00000E+00  0.00000E+00 -0.39401E+00  0.38224E+00  0.44007E-06  0.85590E-07  0.18141E-06 -0.22379E-08  0.15276E-06 -0.10213E-06  0.73297E-07  0.17878E+01 -0.49405E-08 -0.72577E-06 -0.34237E-06 -0.25891E-07 -0.91573E-07  0.31858E-06  0.84248E-07 -0.20676E-06  0.20480E-07 -0.19137E-07 -0.13179E-07 -0.35612E-07 -0.44543E-08 -0.12197E-07  0.00000E+00  0.00000E+00  0.00000E+00  0.00000E+00  0.00000E+00  0.00000E+00  0.00000E+00  0.00000E+00  0.00000E+00  0.00000E+00  0.00000E+00  0.00000E+00  0.00000E+00  0.00000E+00  0.00000E+00  0.00000E+00  0.00000E+00  0.00000E+00  0.00000E+00  0.00000E+00  0.00000E+00  0.00000E+00  0.00000E+00  0.00000E+00  0.00000E+00  0.00000E+00  0.00000E+00  0.00000E+00  0.00000E+00  0.00000E+00  0.00000E+00  0.00000E+00  0.00000E+00
  0.00000E+00  0.00000E+00  0.00000E+00  0.43645E-07 -0.19097E-08 -0.10653E-04  0.10456E-04 -0.20312E-06 -0.70563E-08  0.86494E-06  0.93484E-06 -0.10118E-05 -0.49405E-08  0.27963E+01 -0.27617E-04  0.11426E-06 -0.62505E-06  0.15063E-05  0.40717E-06  0.80228E-07  0.40458E-06  0.31417E-06 -0.11443E-05  0.40831E+00  0.14707E+00 -0.35260E-06  0.15121E-05  0.00000E+00  0.00000E+00  0.00000E+00  0.00000E+00  0.00000E+00  0.00000E+00  0.00000E+00  0.00000E+00  0.00000E+00  0.00000E+00  0.00000E+00  0.00000E+00  0.00000E+00  0.00000E+00  0.00000E+00  0.00000E+00  0.00000E+00  0.00000E+00  0.00000E+00  0.00000E+00  0.00000E+00  0.00000E+00  0.00000E+00  0.00000E+00  0.00000E+00  0.00000E+00  0.00000E+00  0.00000E+00  0.00000E+00  0.00000E+00  0.00000E+00  0.00000E+00  0.00000E+00
  0.00000E+00  0.00000E+00  0.00000E+00 -0.66618E-06 -0.32247E-06 -0.39401E+00  0.38224E+00  0.55700E-06  0.17930E-06  0.11539E-06  0.80167E-08  0.79307E-07 -0.72577E-06 -0.27617E-04  0.17878E+01 -0.65229E-06 -0.75777E-07 -0.66029E-07  0.21462E-06 -0.51302E-08  0.98483E-08  0.77078E-07  0.16900E-06 -0.11215E-04 -0.41316E-05 -0.65468E-07 -0.16555E-06  0.00000E+00  0.00000E+00  0.00000E+00  0.00000E+00  0.00000E+00  0.00000E+00  0.00000E+00  0.00000E+00  0.00000E+00  0.00000E+00  0.00000E+00  0.00000E+00  0.00000E+00  0.00000E+00  0.00000E+00  0.00000E+00  0.00000E+00  0.00000E+00  0.00000E+00  0.00000E+00  0.00000E+00  0.00000E+00  0.00000E+00  0.00000E+00  0.00000E+00  0.00000E+00  0.00000E+00  0.00000E+00  0.00000E+00  0.00000E+00  0.00000E+00  0.00000E+00  0.00000E+00
  0.00000E+00  0.00000E+00  0.00000E+00 -0.29159E-06 -0.20363E-06 -0.77375E-06 -0.38690E-06 -0.39297E+00  0.38125E+00  0.15592E-06 -0.22657E-07  0.96816E-07 -0.34237E-06  0.11426E-06 -0.65229E-06  0.17931E+01 -0.72748E-01  0.20323E-06  0.53949E-06 -0.28496E-07  0.60039E-07  0.37379E-07  0.12688E-06  0.53079E-07  0.27970E-06 -0.29656E-01 -0.10282E-01  0.00000E+00  0.00000E+00  0.00000E+00  0.00000E+00  0.00000E+00  0.00000E+00  0.00000E+00  0.00000E+00  0.00000E+00  0.00000E+00  0.00000E+00  0.00000E+00  0.00000E+00  0.00000E+00  0.00000E+00  0.00000E+00  0.00000E+00  0.00000E+00  0.00000E+00  0.00000E+00  0.00000E+00  0.00000E+00  0.00000E+00  0.00000E+00  0.00000E+00  0.00000E+00  0.00000E+00  0.00000E+00  0.00000E+00  0.00000E+00  0.00000E+00  0.00000E+00  0.00000E+00
  0.00000E+00  0.00000E+00  0.00000E+00 -0.57187E-08 -0.15671E-07  0.14512E-06 -0.34799E-07 -0.28495E-01  0.27646E-01 -0.94267E-07  0.75543E-06 -0.92841E-06 -0.25891E-07 -0.62505E-06 -0.75777E-07 -0.72748E-01  0.27911E+01 -0.43562E-05 -0.53440E-06 -0.80399E-08  0.22071E-06  0.14551E-07 -0.41842E-06  0.43339E-06 -0.12843E-05  0.40897E+00  0.14178E+00  0.00000E+00  0.00000E+00  0.00000E+00  0.00000E+00  0.00000E+00  0.00000E+00  0.00000E+00  0.00000E+00  0.00000E+00  0.00000E+00  0.00000E+00  0.00000E+00  0.00000E+00  0.00000E+00  0.00000E+00  0.00000E+00  0.00000E+00  0.00000E+00  0.00000E+00  0.00000E+00  0.00000E+00  0.00000E+00  0.00000E+00  0.00000E+00  0.00000E+00  0.00000E+00  0.00000E+00  0.00000E+00  0.00000E+00  0.00000E+00  0.00000E+00  0.00000E+00  0.00000E+00
 -0.00000E+00 -0.00000E+00 -0.00000E+00  0.00000E+00  0.00000E+00  0.00000E+00  0.00000E+00  0.00000E+00  0.00000E+00  0.42361E+00  0.29578E-06 -0.10536E-06  0.10383E-06 -0.17080E-05  0.74870E-07 -0.23044E-06  0.49395E-05  0.18392E+01 -0.63394E-01 -0.10051E-05 -0.30519E-06 -0.55860E-06  0.15528E-06 -0.32453E-06  0.39164E-06 -0.40722E-06 -0.77932E-06  0.40500E-06 -0.37178E-06  0.39802E-06  0.42095E+00 -0.15043E-07  0.15446E-05 -0.29005E-08  0.72007E-06 -0.11938E-07  0.17633E-06 -0.21986E-07  0.11720E-05  0.00000E+00  0.00000E+00  0.00000E+00  0.00000E+00  0.00000E+00  0.00000E+00  0.00000E+00  0.00000E+00  0.00000E+00  0.00000E+00  0.00000E+00  0.00000E+00  0.00000E+00  0.00000E+00  0.00000E+00  0.00000E+00  0.00000E+00  0.00000E+00  0.00000E+00  0.00000E+00  0.00000E+00
 -0.00000E+00 -0.00000E+00 -0.00000E+00  0.00000E+00  0.00000E+00  0.00000E+00  0.00000E+00  0.00000E+00  0.00000E+00 -0.25042E+00  0.82476E-06 -0.33127E-06 -0.36124E-06 -0.46168E-06 -0.24336E-06 -0.61173E-06  0.60595E-06 -0.63394E-01  0.17696E+01  0.75887E-06 -0.16524E-05  0.44001E-06  0.92321E-06  0.71233E-06  0.71216E-06 -0.10211E-05  0.12183E-06  0.17788E-06 -0.18913E-06 -0.18027E-06 -0.24893E+00  0.87390E-08  0.98987E-06  0.40670E-08  0.48840E-06  0.47491E-09  0.18475E-05 -0.22391E-08 -0.44241E-05  0.00000E+00  0.00000E+00  0.00000E+00  0.00000E+00  0.00000E+00  0.00000E+00  0.00000E+00  0.00000E+00  0.00000E+00  0.00000E+00  0.00000E+00  0.00000E+00  0.00000E+00  0.00000E+00  0.00000E+00  0.00000E+00  0.00000E+00  0.00000E+00  0.00000E+00  0.00000E+00  0.00000E+00
 -0.00000E+00 -0.00000E+00 -0.00000E+00  0.00000E+00  0.00000E+00  0.00000E+00  0.00000E+00  0.00000E+00  0.00000E+00 -0.57514E-06  0.44818E+00 -0.31359E-06 -0.95528E-07 -0.90970E-07  0.58171E-08  0.32311E-07  0.91164E-08 -0.10051E-05  0.75887E-06  0.18520E+01 -0.54436E-01 -0.85140E-06  0.28550E-06 -0.47320E-06  0.77663E-07 -0.28707E-06 -0.15227E-07  0.30357E-06 -0.10034E-06 -0.17360E-06 -0.11490E-05  0.53140E-06  0.44538E+00  0.32067E-07  0.15740E-05  0.23449E-07  0.73372E-06 -0.34618E-07  0.44362E-06  0.00000E+00  0.00000E+00  0.00000E+00  0.00000E+00  0.00000E+00  0.00000E+00  0.00000E+00  0.00000E+00  0.00000E+00  0.00000E+00  0.00000E+00  0.00000E+00  0.00000E+00  0.00000E+00  0.00000E+00  0.00000E+00  0.00000E+00  0.00000E+00  0.00000E+00  0.00000E+00  0.00000E+00
 -0.00000E+00 -0.00000E+00 -0.00000E+00  0.00000E+00  0.00000E+00  0.00000E+00  0.00000E+00  0.00000E+00  0.00000E+00 -0.16719E-05 -0.20320E+00 -0.11136E-05  0.23445E-06 -0.45875E-06 -0.11167E-07 -0.68078E-07 -0.25026E-06 -0.30519E-06 -0.16524E-05 -0.54436E-01  0.17568E+01  0.70341E-06  0.12814E-05  0.45067E-06  0.83591E-06  0.37408E-06  0.65668E-06  0.17410E-06 -0.72132E-07 -0.12677E-06 -0.54045E-06 -0.17921E-06 -0.20201E+00  0.25968E-07  0.12010E-05  0.13914E-07  0.65533E-06 -0.61465E-08  0.47889E-06  0.00000E+00  0.00000E+00  0.00000E+00  0.00000E+00  0.00000E+00  0.00000E+00  0.00000E+00  0.00000E+00  0.00000E+00  0.00000E+00  0.00000E+00  0.00000E+00  0.00000E+00  0.00000E+00  0.00000E+00  0.00000E+00  0.00000E+00  0.00000E+00  0.00000E+00  0.00000E+00  0.00000E+00
 -0.00000E+00 -0.00000E+00 -0.00000E+00  0.00000E+00  0.00000E+00  0.00000E+00  0.00000E+00  0.00000E+00  0.00000E+00 -0.24651E-06 -0.49816E-06 -0.45807E+00 -0.23222E-07 -0.35624E-06 -0.87399E-07 -0.42383E-07 -0.16499E-07 -0.55860E-06  0.44001E-06 -0.85140E-06  0.70341E-06  0.18574E+01  0.49236E-01 -0.68618E-06  0.34612E-06 -0.26154E-06 -0.52489E-07  0.23253E-06 -0.33231E-07 -0.10021E-06 -0.49991E-06 -0.11373E-06 -0.13030E-05  0.64702E-06  0.45521E+00  0.16753E-06  0.15519E-05  0.67333E-07  0.64143E-06  0.00000E+00  0.00000E+00  0.00000E+00  0.00000E+00  0.00000E+00  0.00000E+00  0.00000E+00  0.00000E+00  0.00000E+00  0.00000E+00  0.00000E+00  0.00000E+00  0.00000E+00  0.00000E+00  0.00000E+00  0.00000E+00  0.00000E+00  0.00000E+00  0.00000E+00  0.00000E+00  0.00000E+00
 -0.00000E+00 -0.00000E+00 -0.00000E+00  0.00000E+00  0.00000E+00  0.00000E+00  0.00000E+00  0.00000E+00  0.00000E+00  0.82419E-06  0.17803E-05 -0.17980E+00  0.21699E-07  0.12975E-05 -0.19162E-06 -0.14387E-06  0.47444E-06  0.15528E-06  0.92321E-06  0.28550E-06  0.12814E-05  0.49236E-01  0.17514E+01 -0.62709E-06 -0.93246E-06 -0.55709E-06 -0.78322E-06 -0.14929E-06  0.32151E-07  0.75377E-07  0.23565E-06  0.93182E-07  0.80060E-06  0.15516E-06  0.17875E+00 -0.78653E-07 -0.12707E-05 -0.32245E-07 -0.81635E-06  0.00000E+00  0.00000E+00  0.00000E+00  0.00000E+00  0.00000E+00  0.00000E+00  0.00000E+00  0.00000E+00  0.00000E+00  0.00000E+00  0.00000E+00  0.00000E+00  0.00000E+00  0.00000E+00  0.00000E+00  0.00000E+00  0.00000E+00  0.00000E+00  0.00000E+00  0.00000E+00  0.00000E+00
 -0.00000E+00 -0.00000E+00 -0.00000E+00  0.00000E+00  0.00000E+00  0.00000E+00  0.00000E+00  0.00000E+00  0.00000E+00 -0.18212E-05 -0.28597E-06  0.43907E-06  0.14944E-07 -0.46298E+00  0.12716E-04 -0.60186E-07 -0.49141E-06 -0.32453E-06  0.71233E-06 -0.47320E-06  0.45067E-06 -0.68618E-06 -0.62709E-06  0.18601E+01  0.46159E-01 -0.59826E-06  0.48130E-06  0.18575E-06 -0.51391E-08 -0.60654E-07  0.20828E-06 -0.15407E-06 -0.62511E-06 -0.14888E-06 -0.13351E-05  0.84657E-06  0.46009E+00  0.47250E-06  0.15511E-05  0.00000E+00  0.00000E+00  0.00000E+00  0.00000E+00  0.00000E+00  0.00000E+00  0.00000E+00  0.00000E+00  0.00000E+00  0.00000E+00  0.00000E+00  0.00000E+00  0.00000E+00  0.00000E+00  0.00000E+00  0.00000E+00  0.00000E+00  0.00000E+00  0.00000E+00  0.00000E+00  0.00000E+00
 -0.00000E+00 -0.00000E+00 -0.00000E+00  0.00000E+00  0.00000E+00  0.00000E+00  0.00000E+00  0.00000E+00  0.00000E+00  0.12169E-05  0.93800E-06 -0.17688E-05  0.40380E-07 -0.16676E+00  0.46848E-05 -0.31716E-06  0.14562E-05  0.39164E-06  0.71216E-06  0.77663E-07  0.83591E-06  0.34612E-06 -0.93246E-06  0.46159E-01  0.17487E+01 -0.50535E-06 -0.61763E-06 -0.12620E-06  0.13562E-07  0.49050E-07  0.14891E-05  0.90768E-07  0.33436E-06  0.99055E-07  0.98839E-06  0.85251E-07  0.16579E+00 -0.20325E-06 -0.12877E-05  0.00000E+00  0.00000E+00  0.00000E+00  0.00000E+00  0.00000E+00  0.00000E+00  0.00000E+00  0.00000E+00  0.00000E+00  0.00000E+00  0.00000E+00  0.00000E+00  0.00000E+00  0.00000E+00  0.00000E+00  0.00000E+00  0.00000E+00  0.00000E+00  0.00000E+00  0.00000E+00  0.00000E+00
 -0.00000E+00 -0.00000E+00 -0.00000E+00  0.00000E+00  0.00000E+00  0.00000E+00  0.00000E+00  0.00000E+00  0.00000E+00  0.49581E-05 -0.23390E-06  0.41470E-06  0.50507E-08  0.39981E-06  0.74234E-07  0.33627E-01 -0.46373E+00 -0.40722E-06 -0.10211E-05 -0.28707E-06  0.37408E-06 -0.26154E-06 -0.55709E-06 -0.59826E-06 -0.50535E-06  0.18612E+01  0.44809E-01  0.15248E-06  0.11396E-07 -0.26154E-07 -0.18296E-05 -0.13822E-06 -0.43342E-06 -0.37332E-06 -0.74212E-06 -0.26366E-06 -0.12944E-05  0.12784E-05  0.46204E+00  0.00000E+00  0.00000E+00  0.00000E+00  0.00000E+00  0.00000E+00  0.00000E+00  0.00000E+00  0.00000E+00  0.00000E+00  0.00000E+00  0.00000E+00  0.00000E+00  0.00000E+00  0.00000E+00  0.00000E+00  0.00000E+00  0.00000E+00  0.00000E+00  0.00000E+00  0.00000E+00  0.00000E+00
 -0.00000E+00 -0.00000E+00 -0.00000E+00  0.00000E+00  0.00000E+00  0.00000E+00  0.00000E+00  0.00000E+00  0.00000E+00 -0.17588E-05  0.65980E-06 -0.10369E-05  0.13830E-07 -0.17146E-05  0.18771E-06  0.11658E-01 -0.16077E+00 -0.77932E-06  0.12183E-06 -0.15227E-07  0.65668E-06 -0.52489E-07 -0.78322E-06  0.48130E-06 -0.61763E-06  0.44809E-01  0.17476E+01 -0.10612E-06  0.27278E-08  0.28690E-07 -0.39251E-05  0.76978E-07  0.16221E-06  0.17432E-06  0.34285E-06  0.14057E-06  0.11885E-05 -0.86406E-07  0.16026E+00  0.00000E+00  0.00000E+00  0.00000E+00  0.00000E+00  0.00000E+00  0.00000E+00  0.00000E+00  0.00000E+00  0.00000E+00  0.00000E+00  0.00000E+00  0.00000E+00  0.00000E+00  0.00000E+00  0.00000E+00  0.00000E+00  0.00000E+00  0.00000E+00  0.00000E+00  0.00000E+00  0.00000E+00
  0.00000E+00  0.00000E+00  0.00000E+00 -0.00000E+00 -0.00000E+00 -0.00000E+00 -0.00000E+00 -0.00000E+00 -0.00000E+00  0.00000E+00  0.00000E+00  0.00000E+00  0.00000E+00  0.00000E+00  0.00000E+00  0.00000E+00  0.00000E+00 -0.47920E-06 -0.21048E-06 -0.35919E-06 -0.20600E-06 -0.27514E-06  0.17664E-06 -0.21979E-06  0.14932E-06 -0.18041E-06  0.12557E-06  0.18385E+01 -0.44492E-05 -0.24778E-05  0.50136E-06 -0.16504E-05  0.39502E-06 -0.12009E-05  0.31042E-06 -0.91991E-06  0.25050E-06 -0.72815E-06  0.20678E-06 -0.35435E+00  0.59155E-04 -0.10297E-05  0.57430E-05 -0.46132E-06  0.31643E-05 -0.27329E-06  0.21930E-05 -0.18046E-06  0.16907E-05 -0.12429E-06  0.14041E-05 -0.80927E-07  0.12951E-05  0.00000E+00  0.00000E+00  0.00000E+00  0.00000E+00  0.00000E+00  0.00000E+00  0.00000E+00
  0.00000E+00  0.00000E+00  0.00000E+00 -0.00000E+00 -0.00000E+00 -0.00000E+00 -0.00000E+00 -0.00000E+00 -0.00000E+00  0.00000E+00  0.00000E+00  0.00000E+00  0.00000E+00  0.00000E+00  0.00000E+00  0.00000E+00  0.00000E+00  0.43990E-06  0.22378E-06  0.11873E-06  0.85347E-07  0.39319E-07 -0.38041E-07  0.60806E-08 -0.16047E-07 -0.13484E-07 -0.32275E-08 -0.44492E-05  0.18385E+01 -0.23059E-05 -0.55218E-06 -0.14056E-05 -0.18166E-06 -0.99632E-06 -0.81801E-07 -0.75995E-06 -0.41522E-07 -0.60463E-06 -0.21040E-07  0.10447E-05 -0.21257E-05 -0.35435E+00  0.48290E-04 -0.86850E-06  0.49249E-05 -0.39112E-06  0.27770E-05 -0.22805E-06  0.19826E-05 -0.14313E-06  0.15890E-05 -0.83689E-07  0.14402E-05  0.00000E+00  0.00000E+00  0.00000E+00  0.00000E+00  0.00000E+00  0.00000E+00  0.00000E+00
  0.00000E+00  0.00000E+00  0.00000E+00 -0.00000E+00 -0.00000E+00 -0.00000E+00 -0.00000E+00 -0.00000E+00 -0.00000E+00  0.00000E+00  0.00000E+00  0.00000E+00  0.00000E+00  0.00000E+00  0.00000E+00  0.00000E+00  0.00000E+00 -0.47094E-06  0.21330E-06  0.20540E-06  0.15000E-06  0.11857E-06 -0.89187E-07  0.71767E-07 -0.58037E-07  0.30945E-07 -0.33947E-07 -0.24778E-05 -0.23059E-05  0.18385E+01 -0.77110E-06 -0.13355E-05 -0.32123E-06 -0.87892E-06 -0.17199E-06 -0.69167E-06 -0.10874E-06 -0.58247E-06 -0.71378E-07  0.46975E-06 -0.69681E-06  0.86522E-06 -0.31878E-05 -0.35435E+00  0.44373E-04 -0.73024E-06  0.45013E-05 -0.31843E-06  0.25650E-05 -0.16497E-06  0.19034E-05 -0.73790E-07  0.16768E-05  0.00000E+00  0.00000E+00  0.00000E+00  0.00000E+00  0.00000E+00  0.00000E+00  0.00000E+00
  0.00000E+00  0.00000E+00  0.00000E+00 -0.00000E+00 -0.00000E+00 -0.00000E+00 -0.00000E+00 -0.00000E+00 -0.00000E+00  0.00000E+00  0.00000E+00  0.00000E+00  0.00000E+00  0.00000E+00  0.00000E+00  0.00000E+00  0.00000E+00 -0.49808E+00  0.29454E+00  0.13595E-05  0.63947E-06  0.59151E-06 -0.27883E-06 -0.24644E-06 -0.17619E-05  0.21648E-05  0.46443E-05  0.50136E-06 -0.55218E-06 -0.77110E-06  0.81558E+00  0.35993E-07 -0.97734E-06  0.15417E-07 -0.54438E-06  0.55691E-08 -0.35983E-06 -0.79296E-09 -0.26268E-06 -0.41401E-06  0.45619E-06  0.42679E-06 -0.38452E-06  0.23539E-06  0.38198E-07 -0.12376E-07 -0.15505E-08 -0.66939E-08  0.26081E-08  0.18638E-08 -0.54118E-08  0.90485E-08 -0.16608E-07  0.00000E+00  0.00000E+00  0.00000E+00  0.00000E+00  0.00000E+00  0.00000E+00  0.00000E+00
  0.00000E+00  0.00000E+00  0.00000E+00 -0.00000E+00 -0.00000E+00 -0.00000E+00 -0.00000E+00 -0.00000E+00 -0.00000E+00  0.00000E+00  0.00000E+00  0.00000E+00  0.00000E+00  0.00000E+00  0.00000E+00  0.00000E+00  0.00000E+00  0.17799E-07 -0.10340E-07 -0.62876E-06  0.21204E-06  0.13457E-06 -0.11025E-06  0.18230E-06 -0.10740E-06  0.16354E-06 -0.91082E-07 -0.16504E-05 -0.14056E-05 -0.13355E-05  0.35993E-07  0.18385E+01 -0.10039E-05 -0.76401E-06 -0.22163E-06 -0.62724E-06 -0.16002E-06 -0.65116E-06 -0.12163E-06  0.27914E-06 -0.33972E-06  0.38919E-06 -0.12431E-05  0.70103E-06 -0.36619E-05 -0.35435E+00  0.41986E-04 -0.61201E-06  0.42460E-05 -0.22700E-06  0.25022E-05 -0.51252E-07  0.20876E-05  0.00000E+00  0.00000E+00  0.00000E+00  0.00000E+00  0.00000E+00  0.00000E+00  0.00000E+00
  0.00000E+00  0.00000E+00  0.00000E+00 -0.00000E+00 -0.00000E+00 -0.00000E+00 -0.00000E+00 -0.00000E+00 -0.00000E+00  0.00000E+00  0.00000E+00  0.00000E+00  0.00000E+00  0.00000E+00  0.00000E+00  0.00000E+00  0.00000E+00 -0.18276E-05 -0.11712E-05 -0.52698E+00  0.23902E+00  0.15417E-05 -0.94729E-06  0.73964E-06 -0.39562E-06  0.51283E-06 -0.19193E-06  0.39502E-06 -0.18166E-06 -0.32123E-06 -0.97734E-06 -0.10039E-05  0.81558E+00  0.68268E-07 -0.78579E-06  0.32146E-07 -0.41191E-06  0.29766E-08 -0.21848E-06 -0.32679E-06  0.35115E-06  0.13460E-06 -0.82584E-07  0.23649E-06 -0.22482E-06  0.31011E-06  0.44531E-07 -0.48331E-07  0.40042E-07 -0.26093E-07  0.31778E-07  0.12281E-07 -0.19062E-07  0.00000E+00  0.00000E+00  0.00000E+00  0.00000E+00  0.00000E+00  0.00000E+00  0.00000E+00
  0.00000E+00  0.00000E+00  0.00000E+00 -0.00000E+00 -0.00000E+00 -0.00000E+00 -0.00000E+00 -0.00000E+00 -0.00000E+00  0.00000E+00  0.00000E+00  0.00000E+00  0.00000E+00  0.00000E+00  0.00000E+00  0.00000E+00  0.00000E+00  0.34319E-08 -0.48121E-08 -0.37943E-07 -0.30726E-07 -0.76556E-06 -0.18358E-06  0.17616E-06 -0.11720E-06  0.44171E-06 -0.20626E-06 -0.12009E-05 -0.99632E-06 -0.87892E-06  0.15417E-07 -0.76401E-06  0.68268E-07  0.18385E+01 -0.11115E-05 -0.29074E-06 -0.19360E-06 -0.59078E-06 -0.21355E-06  0.18486E-06 -0.18563E-06  0.23256E-06 -0.67582E-06  0.31411E-06 -0.14781E-05  0.52861E-06 -0.39272E-05 -0.35435E+00  0.39980E-04 -0.50545E-06  0.40599E-05 -0.76697E-07  0.27220E-05  0.00000E+00  0.00000E+00  0.00000E+00  0.00000E+00  0.00000E+00  0.00000E+00  0.00000E+00
  0.00000E+00  0.00000E+00  0.00000E+00 -0.00000E+00 -0.00000E+00 -0.00000E+00 -0.00000E+00 -0.00000E+00 -0.00000E+00  0.00000E+00  0.00000E+00  0.00000E+00  0.00000E+00  0.00000E+00  0.00000E+00  0.00000E+00  0.00000E+00 -0.85200E-06 -0.57788E-06 -0.18624E-05 -0.14210E-05 -0.53861E+00 -0.21150E+00  0.15797E-05 -0.11695E-05  0.87808E-06 -0.40567E-06  0.31042E-06 -0.81801E-07 -0.17199E-06 -0.54438E-06 -0.22163E-06 -0.78579E-06 -0.11115E-05  0.81558E+00  0.12358E-06 -0.63147E-06  0.51869E-07 -0.13372E-06 -0.25735E-06  0.27192E-06  0.56482E-07 -0.17064E-07  0.13102E-06 -0.11396E-06  0.16261E-06 -0.17735E-06  0.32344E-06  0.70287E-07 -0.13275E-06  0.15125E-06 -0.54514E-07  0.81231E-07  0.00000E+00  0.00000E+00  0.00000E+00  0.00000E+00  0.00000E+00  0.00000E+00  0.00000E+00
  0.00000E+00  0.00000E+00  0.00000E+00 -0.00000E+00 -0.00000E+00 -0.00000E+00 -0.00000E+00 -0.00000E+00 -0.00000E+00  0.00000E+00  0.00000E+00  0.00000E+00  0.00000E+00  0.00000E+00  0.00000E+00  0.00000E+00  0.00000E+00  0.14125E-07 -0.56192E-09 -0.27746E-07 -0.16463E-07 -0.19822E-06  0.93064E-07 -0.10017E-05 -0.10087E-06  0.31197E-06 -0.16633E-06 -0.91991E-06 -0.75995E-06 -0.69167E-06  0.55691E-08 -0.62724E-06  0.32146E-07 -0.29074E-06  0.12358E-06  0.18385E+01 -0.11270E-05  0.28647E-06 -0.21058E-06  0.12730E-06 -0.97220E-07  0.15286E-06 -0.40350E-06  0.19413E-06 -0.78460E-06  0.24544E-06 -0.15255E-05  0.31249E-06 -0.40965E-05 -0.35435E+00  0.37783E-04 -0.39767E-06  0.40153E-05  0.00000E+00  0.00000E+00  0.00000E+00  0.00000E+00  0.00000E+00  0.00000E+00  0.00000E+00
  0.00000E+00  0.00000E+00  0.00000E+00 -0.00000E+00 -0.00000E+00 -0.00000E+00 -0.00000E+00 -0.00000E+00 -0.00000E+00  0.00000E+00  0.00000E+00  0.00000E+00  0.00000E+00  0.00000E+00  0.00000E+00  0.00000E+00  0.00000E+00 -0.20864E-06 -0.21859E-05 -0.86815E-06 -0.77540E-06 -0.18362E-05  0.15035E-05 -0.54438E+00 -0.19617E+00  0.15316E-05 -0.14062E-05  0.25050E-06 -0.41522E-07 -0.10874E-06 -0.35983E-06 -0.16002E-06 -0.41191E-06 -0.19360E-06 -0.63147E-06 -0.11270E-05  0.81558E+00  0.23268E-06 -0.59252E-06 -0.20832E-06  0.21797E-06  0.24083E-07  0.81106E-08  0.82295E-07 -0.62177E-07  0.14750E-06 -0.16938E-06  0.16318E-06 -0.23106E-06  0.25206E-06  0.16813E-06 -0.31570E-06  0.42326E-06  0.00000E+00  0.00000E+00  0.00000E+00  0.00000E+00  0.00000E+00  0.00000E+00  0.00000E+00
  0.00000E+00  0.00000E+00  0.00000E+00 -0.00000E+00 -0.00000E+00 -0.00000E+00 -0.00000E+00 -0.00000E+00 -0.00000E+00  0.00000E+00  0.00000E+00  0.00000E+00  0.00000E+00  0.00000E+00  0.00000E+00  0.00000E+00  0.00000E+00  0.26014E-07  0.26493E-08  0.40961E-07  0.72726E-08 -0.79670E-07  0.38153E-07 -0.55907E-06  0.24049E-06 -0.15126E-05  0.10224E-06 -0.72815E-06 -0.60463E-06 -0.58247E-06 -0.79296E-09 -0.65116E-06  0.29766E-08 -0.59078E-06  0.51869E-07  0.28647E-06  0.23268E-06  0.18385E+01 -0.10165E-05  0.84797E-07 -0.36089E-07  0.98500E-07 -0.23859E-06  0.12781E-06 -0.43732E-06  0.17546E-06 -0.69756E-06  0.18023E-06 -0.13665E-05 -0.19412E-07 -0.42158E-05 -0.35435E+00  0.34558E-04  0.00000E+00  0.00000E+00  0.00000E+00  0.00000E+00  0.00000E+00  0.00000E+00  0.00000E+00
  0.00000E+00  0.00000E+00  0.00000E+00 -0.00000E+00 -0.00000E+00 -0.00000E+00 -0.00000E+00 -0.00000E+00 -0.00000E+00  0.00000E+00  0.00000E+00  0.00000E+00  0.00000E+00  0.00000E+00  0.00000E+00  0.00000E+00  0.00000E+00 -0.13867E-05  0.52347E-05 -0.52489E-06 -0.56663E-06 -0.75894E-06  0.96592E-06 -0.18353E-05  0.15236E-05 -0.54670E+00 -0.18962E+00  0.20678E-06 -0.21040E-07 -0.71378E-07 -0.26268E-06 -0.12163E-06 -0.21848E-06 -0.21355E-06 -0.13372E-06 -0.21058E-06 -0.59252E-06 -0.10165E-05  0.81558E+00 -0.17213E-06  0.18495E-06  0.65139E-08  0.31103E-07  0.48595E-07 -0.89297E-08  0.12109E-06 -0.10597E-06  0.26601E-06 -0.34743E-06  0.21960E-06 -0.36384E-06  0.17238E-07  0.53549E-06  0.00000E+00  0.00000E+00  0.00000E+00  0.00000E+00  0.00000E+00  0.00000E+00  0.00000E+00
 -0.00000E+00 -0.00000E+00 -0.00000E+00  0.00000E+00  0.00000E+00  0.00000E+00  0.00000E+00  0.00000E+00  0.00000E+00 -0.00000E+00 -0.00000E+00 -0.00000E+00 -0.00000E+00 -0.00000E+00 -0.00000E+00 -0.00000E+00 -0.00000E+00  0.00000E+00  0.00000E+00  0.00000E+00  0.00000E+00  0.00000E+00  0.00000E+00  0.00000E+00  0.00000E+00  0.00000E+00  0.00000E+00  0.45746E+00 -0.13487E-05 -0.60644E-06  0.53449E-06 -0.36037E-06  0.42189E-06 -0.23866E-06  0.33224E-06 -0.16434E-06  0.26895E-06 -0.10947E-06  0.22222E-06  0.10614E+01 -0.12543E-03 -0.25571E-05 -0.76007E-05 -0.14242E-05 -0.38167E-05 -0.94846E-06 -0.25479E-05 -0.69005E-06 -0.19272E-05 -0.52899E-06 -0.15845E-05 -0.41728E-06 -0.14463E-05  0.40917E+00  0.11549E-04  0.53182E-05  0.33032E-05  0.23204E-05  0.17415E-05  0.13486E-05
 -0.00000E+00 -0.00000E+00 -0.00000E+00  0.00000E+00  0.00000E+00  0.00000E+00  0.00000E+00  0.00000E+00  0.00000E+00 -0.00000E+00 -0.00000E+00 -0.00000E+00 -0.00000E+00 -0.00000E+00 -0.00000E+00 -0.00000E+00 -0.00000E+00  0.00000E+00  0.00000E+00  0.00000E+00  0.00000E+00  0.00000E+00  0.00000E+00  0.00000E+00  0.00000E+00  0.00000E+00  0.00000E+00 -0.76369E-04  0.27443E-05  0.89958E-06 -0.58894E-06  0.43858E-06 -0.45333E-06  0.23964E-06 -0.35105E-06  0.12551E-06 -0.28140E-06  0.46591E-07 -0.23877E-06 -0.12543E-03  0.70710E+00  0.11442E-04 -0.24544E-05  0.52101E-05 -0.14778E-05  0.32258E-05 -0.10575E-05  0.22613E-05 -0.82766E-06  0.16929E-05 -0.69253E-06  0.12936E-05 -0.63790E-06 -0.12452E-03  0.10462E-04  0.46918E-05  0.28772E-05  0.19965E-05  0.14750E-05  0.11144E-05
 -0.00000E+00 -0.00000E+00 -0.00000E+00  0.00000E+00  0.00000E+00  0.00000E+00  0.00000E+00  0.00000E+00  0.00000E+00 -0.00000E+00 -0.00000E+00 -0.00000E+00 -0.00000E+00 -0.00000E+00 -0.00000E+00 -0.00000E+00 -0.00000E+00  0.00000E+00  0.00000E+00  0.00000E+00  0.00000E+00  0.00000E+00  0.00000E+00  0.00000E+00  0.00000E+00  0.00000E+00  0.00000E+00  0.13293E-05  0.45746E+00 -0.11170E-05 -0.55098E-06 -0.50244E-06 -0.17377E-06 -0.30023E-06 -0.72918E-07 -0.19734E-06 -0.31092E-07 -0.12716E-06 -0.84094E-08 -0.25571E-05  0.11442E-04  0.10615E+01 -0.11668E-03 -0.13360E-05 -0.89642E-05 -0.81446E-06 -0.46635E-05 -0.57147E-06 -0.31845E-05 -0.42963E-06 -0.24727E-05 -0.33479E-06 -0.21752E-05 -0.11583E-04  0.40917E+00  0.11414E-04  0.54339E-05  0.34414E-05  0.24429E-05  0.18272E-05
 -0.00000E+00 -0.00000E+00 -0.00000E+00  0.00000E+00  0.00000E+00  0.00000E+00  0.00000E+00  0.00000E+00  0.00000E+00 -0.00000E+00 -0.00000E+00 -0.00000E+00 -0.00000E+00 -0.00000E+00 -0.00000E+00 -0.00000E+00 -0.00000E+00  0.00000E+00  0.00000E+00  0.00000E+00  0.00000E+00  0.00000E+00  0.00000E+00  0.00000E+00  0.00000E+00  0.00000E+00  0.00000E+00 -0.74142E-05 -0.62342E-04  0.41154E-05  0.49641E-06  0.16048E-05  0.10662E-06  0.87248E-06  0.22029E-07  0.52092E-06 -0.10471E-07  0.30802E-06 -0.40154E-07 -0.76007E-05 -0.24544E-05 -0.11668E-03  0.70710E+00  0.11780E-04 -0.14275E-05  0.54495E-05 -0.94269E-06  0.34446E-05 -0.71578E-06  0.24556E-05 -0.59024E-06  0.18236E-05 -0.53950E-06 -0.81565E-05 -0.11447E-03  0.11093E-04  0.50637E-05  0.31533E-05  0.22059E-05  0.16130E-05
 -0.00000E+00 -0.00000E+00 -0.00000E+00  0.00000E+00  0.00000E+00  0.00000E+00  0.00000E+00  0.00000E+00  0.00000E+00 -0.00000E+00 -0.00000E+00 -0.00000E+00 -0.00000E+00 -0.00000E+00 -0.00000E+00 -0.00000E+00 -0.00000E+00  0.00000E+00  0.00000E+00  0.00000E+00  0.00000E+00  0.00000E+00  0.00000E+00  0.00000E+00  0.00000E+00  0.00000E+00  0.00000E+00  0.59556E-06  0.11212E-05  0.45746E+00 -0.30389E-06 -0.90503E-06 -0.30531E-06 -0.40551E-06 -0.16915E-06 -0.25062E-06 -0.10624E-06 -0.16500E-06 -0.62736E-07 -0.14242E-05  0.52101E-05 -0.13360E-05  0.11780E-04  0.10615E+01 -0.11351E-03 -0.80096E-06 -0.96775E-05 -0.51232E-06 -0.51439E-05 -0.37063E-06 -0.35670E-05 -0.28266E-06 -0.29231E-05 -0.53368E-05 -0.11401E-04  0.40917E+00  0.11101E-04  0.53372E-05  0.33692E-05  0.23486E-05
 -0.00000E+00 -0.00000E+00 -0.00000E+00  0.00000E+00  0.00000E+00  0.00000E+00  0.00000E+00  0.00000E+00  0.00000E+00 -0.00000E+00 -0.00000E+00 -0.00000E+00 -0.00000E+00 -0.00000E+00 -0.00000E+00 -0.00000E+00 -0.00000E+00  0.00000E+00  0.00000E+00  0.00000E+00  0.00000E+00  0.00000E+00  0.00000E+00  0.00000E+00  0.00000E+00  0.00000E+00  0.00000E+00 -0.40851E-05 -0.63580E-05 -0.57285E-04 -0.49313E-07  0.47275E-05  0.29024E-06  0.19083E-05  0.14712E-06  0.10129E-05  0.80271E-07  0.56458E-06  0.11528E-07 -0.38167E-05 -0.14778E-05 -0.89642E-05 -0.14275E-05 -0.11351E-03  0.70711E+00  0.11961E-04 -0.92180E-06  0.55780E-05 -0.64675E-06  0.35928E-05 -0.51780E-06  0.25552E-05 -0.46656E-06 -0.41753E-05 -0.91310E-05 -0.11079E-03  0.11418E-04  0.52272E-05  0.32583E-05  0.22449E-05
 -0.00000E+00 -0.00000E+00 -0.00000E+00  0.00000E+00  0.00000E+00  0.00000E+00  0.00000E+00  0.00000E+00  0.00000E+00 -0.00000E+00 -0.00000E+00 -0.00000E+00 -0.00000E+00 -0.00000E+00 -0.00000E+00 -0.00000E+00 -0.00000E+00  0.00000E+00  0.00000E+00  0.00000E+00  0.00000E+00  0.00000E+00  0.00000E+00  0.00000E+00  0.00000E+00  0.00000E+00  0.00000E+00  0.35281E-06  0.50493E-06  0.94273E-06  0.15978E-07  0.45746E+00 -0.40036E-06 -0.68244E-06 -0.20993E-06 -0.31686E-06 -0.19043E-06 -0.22651E-06 -0.15633E-06 -0.94846E-06  0.32258E-05 -0.81446E-06  0.54495E-05 -0.80096E-06  0.11961E-04  0.10615E+01 -0.11158E-03 -0.52497E-06 -0.10282E-04 -0.34407E-06 -0.55435E-05 -0.25206E-06 -0.39658E-05 -0.33162E-05 -0.54256E-05 -0.11015E-04  0.40917E+00  0.10823E-04  0.51499E-05  0.31168E-05
 -0.00000E+00 -0.00000E+00 -0.00000E+00  0.00000E+00  0.00000E+00  0.00000E+00  0.00000E+00  0.00000E+00  0.00000E+00 -0.00000E+00 -0.00000E+00 -0.00000E+00 -0.00000E+00 -0.00000E+00 -0.00000E+00 -0.00000E+00 -0.00000E+00  0.00000E+00  0.00000E+00  0.00000E+00  0.00000E+00  0.00000E+00  0.00000E+00  0.00000E+00  0.00000E+00  0.00000E+00  0.00000E+00 -0.28312E-05 -0.35852E-05 -0.58112E-05  0.20016E-08 -0.54204E-04 -0.57489E-07  0.50700E-05  0.22895E-06  0.19694E-05  0.21867E-06  0.90054E-06  0.13681E-06 -0.25479E-05 -0.10575E-05 -0.46635E-05 -0.94269E-06 -0.96775E-05 -0.92180E-06 -0.11158E-03  0.70711E+00  0.12129E-04 -0.64816E-06  0.57577E-05 -0.47970E-06  0.37747E-05 -0.42047E-06 -0.28104E-05 -0.48091E-05 -0.96093E-05 -0.10847E-03  0.11684E-04  0.53200E-05  0.32527E-05
 -0.00000E+00 -0.00000E+00 -0.00000E+00  0.00000E+00  0.00000E+00  0.00000E+00  0.00000E+00  0.00000E+00  0.00000E+00 -0.00000E+00 -0.00000E+00 -0.00000E+00 -0.00000E+00 -0.00000E+00 -0.00000E+00 -0.00000E+00 -0.00000E+00  0.00000E+00  0.00000E+00  0.00000E+00  0.00000E+00  0.00000E+00  0.00000E+00  0.00000E+00  0.00000E+00  0.00000E+00  0.00000E+00  0.23297E-06  0.29441E-06  0.41110E-06  0.86418E-08  0.79010E-06  0.62395E-07  0.45746E+00 -0.41756E-06 -0.40343E-06 -0.21066E-06 -0.23267E-06 -0.34341E-06 -0.69005E-06  0.22613E-05 -0.57147E-06  0.34446E-05 -0.51232E-06  0.55780E-05 -0.52497E-06  0.12129E-04  0.10615E+01 -0.11012E-03 -0.36121E-06 -0.11043E-04 -0.23786E-06 -0.61290E-05 -0.23301E-05 -0.34523E-05 -0.53232E-05 -0.10582E-04  0.40917E+00  0.10597E-04  0.48001E-05
